# dock ID
1:
  position:
    x: 1.854648
    y: -1.5513322
  orientation:
    x: 0.0
    y: 0.0
    z: 0.016249007268174524
    w: 0.9998679761662531
  dock_bias:
    lateral: 0.0
    forward: 0.0

2:
  position:
    x: -2.10
    y: -2.48
  orientation:
    x: 0.0
    y: 0.0
    z: 0.0009328767499914055
    w: 0.99999956487039
  dock_bias:
    lateral: 0.0
    forward: 0.0
